0 0 0
0 0.01 0.0627905
0 0.02 0.125333
0 0.03 0.187381
0 0.04 0.24869
0 0.05 0.309017
0 0.06 0.368125
0 0.07 0.425779
0 0.08 0.481754
0 0.09 0.535827
0 0.1 0.587785
0 0.11 0.637424
0 0.12 0.684547
0 0.13 0.728969
0 0.14 0.770513
0 0.15 0.809017
0 0.16 0.844328
0 0.17 0.876307
0 0.18 0.904827
0 0.19 0.929776
0 0.2 0.951057
0 0.21 0.968583
0 0.22 0.982287
0 0.23 0.992115
0 0.24 0.998027
0 0.25 1
0 0.26 0.998027
0 0.27 0.992115
0 0.28 0.982287
0 0.29 0.968583
0 0.3 0.951057
0 0.31 0.929776
0 0.32 0.904827
0 0.33 0.876307
0 0.34 0.844328
0 0.35 0.809017
0 0.36 0.770513
0 0.37 0.728969
0 0.38 0.684547
0 0.39 0.637424
0 0.4 0.587785
0 0.41 0.535827
0 0.42 0.481754
0 0.43 0.425779
0 0.44 0.368125
0 0.45 0.309017
0 0.46 0.24869
0 0.47 0.187381
0 0.48 0.125333
0 0.49 0.0627905
0 0.5 3.58979e-09
0 0.51 -0.0627905
0 0.52 -0.125333
0 0.53 -0.187381
0 0.54 -0.24869
0 0.55 -0.309017
0 0.56 -0.368125
0 0.57 -0.425779
0 0.58 -0.481754
0 0.59 -0.535827
0 0.6 -0.587785
0 0.61 -0.637424
0 0.62 -0.684547
0 0.63 -0.728969
0 0.64 -0.770513
0 0.65 -0.809017
0 0.66 -0.844328
0 0.67 -0.876307
0 0.68 -0.904827
0 0.69 -0.929776
0 0.7 -0.951057
0 0.71 -0.968583
0 0.72 -0.982287
0 0.73 -0.992115
0 0.74 -0.998027
0 0.75 -1
0 0.76 -0.998027
0 0.77 -0.992115
0 0.78 -0.982287
0 0.79 -0.968583
0 0.8 -0.951057
0 0.81 -0.929776
0 0.82 -0.904827
0 0.83 -0.876307
0 0.84 -0.844328
0 0.85 -0.809017
0 0.86 -0.770513
0 0.87 -0.728969
0 0.88 -0.684547
0 0.89 -0.637424
0 0.9 -0.587785
0 0.91 -0.535827
0 0.92 -0.481754
0 0.93 -0.425779
0 0.94 -0.368125
0 0.95 -0.309017
0 0.96 -0.24869
0 0.97 -0.187381
0 0.98 -0.125333
0 0.99 -0.0627905
0 1 -7.17958e-09
1 0 0
1 0.01 0.0319892
1 0.02 0.0638521
1 0.03 0.095463
1 0.04 0.126697
1 0.05 0.157431
1 0.06 0.187544
1 0.07 0.216917
1 0.08 0.245434
1 0.09 0.272982
1 0.1 0.299452
1 0.11 0.324741
1 0.12 0.348748
1 0.13 0.371379
1 0.14 0.392545
1 0.15 0.412161
1 0.16 0.43015
1 0.17 0.446442
1 0.18 0.460972
1 0.19 0.473683
1 0.2 0.484524
1 0.21 0.493453
1 0.22 0.500435
1 0.23 0.505441
1 0.24 0.508453
1 0.25 0.509459
1 0.26 0.508453
1 0.27 0.505441
1 0.28 0.500435
1 0.29 0.493453
1 0.3 0.484524
1 0.31 0.473683
1 0.32 0.460972
1 0.33 0.446442
1 0.34 0.43015
1 0.35 0.412161
1 0.36 0.392545
1 0.37 0.371379
1 0.38 0.348748
1 0.39 0.324741
1 0.4 0.299452
1 0.41 0.272982
1 0.42 0.245434
1 0.43 0.216917
1 0.44 0.187544
1 0.45 0.157431
1 0.46 0.126697
1 0.47 0.095463
1 0.48 0.0638521
1 0.49 0.0319892
1 0.5 1.82931e-09
1 0.51 -0.0319892
1 0.52 -0.0638521
1 0.53 -0.095463
1 0.54 -0.126697
1 0.55 -0.157431
1 0.56 -0.187544
1 0.57 -0.216917
1 0.58 -0.245434
1 0.59 -0.272982
1 0.6 -0.299452
1 0.61 -0.324741
1 0.62 -0.348748
1 0.63 -0.371379
1 0.64 -0.392545
1 0.65 -0.412161
1 0.66 -0.43015
1 0.67 -0.446442
1 0.68 -0.460972
1 0.69 -0.473683
1 0.7 -0.484524
1 0.71 -0.493453
1 0.72 -0.500435
1 0.73 -0.505441
1 0.74 -0.508453
1 0.75 -0.509459
1 0.76 -0.508453
1 0.77 -0.505441
1 0.78 -0.500435
1 0.79 -0.493453
1 0.8 -0.484524
1 0.81 -0.473683
1 0.82 -0.460972
1 0.83 -0.446442
1 0.84 -0.43015
1 0.85 -0.412161
1 0.86 -0.392545
1 0.87 -0.371379
1 0.88 -0.348748
1 0.89 -0.324741
1 0.9 -0.299452
1 0.91 -0.272982
1 0.92 -0.245434
1 0.93 -0.216917
1 0.94 -0.187544
1 0.95 -0.157431
1 0.96 -0.126697
1 0.97 -0.095463
1 0.98 -0.0638521
1 0.99 -0.0319892
1 1 0
2 0 0
2 0.01 0.00058818
2 0.02 0.00117404
2 0.03 0.00175526
2 0.04 0.00232956
2 0.05 0.00289466
2 0.06 0.00344835
2 0.07 0.00398842
2 0.08 0.00451275
2 0.09 0.00501927
2 0.1 0.00550598
2 0.11 0.00597096
2 0.12 0.00641238
2 0.13 0.00682849
2 0.14 0.00721765
2 0.15 0.00757833
2 0.16 0.0079091
2 0.17 0.00820866
2 0.18 0.00847582
2 0.19 0.00870953
2 0.2 0.00890886
2 0.21 0.00907304
2 0.22 0.00920141
2 0.23 0.00929347
2 0.24 0.00934885
2 0.25 0.00936733
2 0.26 0.00934885
2 0.27 0.00929347
2 0.28 0.00920141
2 0.29 0.00907304
2 0.3 0.00890886
2 0.31 0.00870953
2 0.32 0.00847582
2 0.33 0.00820866
2 0.34 0.0079091
2 0.35 0.00757833
2 0.36 0.00721765
2 0.37 0.00682849
2 0.38 0.00641238
2 0.39 0.00597096
2 0.4 0.00550598
2 0.41 0.00501927
2 0.42 0.00451275
2 0.43 0.00398842
2 0.44 0.00344835
2 0.45 0.00289466
2 0.46 0.00232956
2 0.47 0.00175526
2 0.48 0.00117404
2 0.49 0.00058818
2 0.5 3.35506e-11
2 0.51 -0.00058818
2 0.52 -0.00117404
2 0.53 -0.00175526
2 0.54 -0.00232956
2 0.55 -0.00289466
2 0.56 -0.00344835
2 0.57 -0.00398842
2 0.58 -0.00451275
2 0.59 -0.00501927
2 0.6 -0.00550598
2 0.61 -0.00597096
2 0.62 -0.00641238
2 0.63 -0.00682849
2 0.64 -0.00721765
2 0.65 -0.00757833
2 0.66 -0.0079091
2 0.67 -0.00820866
2 0.68 -0.00847582
2 0.69 -0.00870953
2 0.7 -0.00890886
2 0.71 -0.00907304
2 0.72 -0.00920141
2 0.73 -0.00929347
2 0.74 -0.00934885
2 0.75 -0.00936733
2 0.76 -0.00934884
2 0.77 -0.00929346
2 0.78 -0.0092014
2 0.79 -0.00907303
2 0.8 -0.00890886
2 0.81 -0.00870952
2 0.82 -0.00847581
2 0.83 -0.00820865
2 0.84 -0.00790909
2 0.85 -0.00757833
2 0.86 -0.00721765
2 0.87 -0.00682849
2 0.88 -0.00641238
2 0.89 -0.00597096
2 0.9 -0.00550598
2 0.91 -0.00501926
2 0.92 -0.00451274
2 0.93 -0.00398841
2 0.94 -0.00344834
2 0.95 -0.00289466
2 0.96 -0.00232956
2 0.97 -0.00175526
2 0.98 -0.00117404
2 0.99 -0.000588179
2 1 0
3 0 0
3 0.01 -0.030834
3 0.02 -0.0615463
3 0.03 -0.0920157
3 0.04 -0.122122
3 0.05 -0.151746
3 0.06 -0.180772
3 0.07 -0.209084
3 0.08 -0.236571
3 0.09 -0.263124
3 0.1 -0.288639
3 0.11 -0.313014
3 0.12 -0.336155
3 0.13 -0.357968
3 0.14 -0.378369
3 0.15 -0.397277
3 0.16 -0.414617
3 0.17 -0.43032
3 0.18 -0.444326
3 0.19 -0.456577
3 0.2 -0.467027
3 0.21 -0.475634
3 0.22 -0.482363
3 0.23 -0.487189
3 0.24 -0.490092
3 0.25 -0.491061
3 0.26 -0.490092
3 0.27 -0.487189
3 0.28 -0.482363
3 0.29 -0.475634
3 0.3 -0.467027
3 0.31 -0.456577
3 0.32 -0.444326
3 0.33 -0.43032
3 0.34 -0.414617
3 0.35 -0.397277
3 0.36 -0.378369
3 0.37 -0.357968
3 0.38 -0.336155
3 0.39 -0.313014
3 0.4 -0.288639
3 0.41 -0.263124
3 0.42 -0.236571
3 0.43 -0.209084
3 0.44 -0.180772
3 0.45 -0.151746
3 0.46 -0.122122
3 0.47 -0.0920157
3 0.48 -0.0615463
3 0.49 -0.030834
3 0.5 -1.76218e-09
3 0.51 0.030834
3 0.52 0.0615463
3 0.53 0.0920157
3 0.54 0.122122
3 0.55 0.151746
3 0.56 0.180772
3 0.57 0.209084
3 0.58 0.236571
3 0.59 0.263124
3 0.6 0.288639
3 0.61 0.313014
3 0.62 0.336155
3 0.63 0.357968
3 0.64 0.378369
3 0.65 0.397277
3 0.66 0.414617
3 0.67 0.43032
3 0.68 0.444326
3 0.69 0.456577
3 0.7 0.467027
3 0.71 0.475634
3 0.72 0.482363
3 0.73 0.487189
3 0.74 0.490092
3 0.75 0.491061
3 0.76 0.490092
3 0.77 0.487189
3 0.78 0.482363
3 0.79 0.475634
3 0.8 0.467027
3 0.81 0.456577
3 0.82 0.444326
3 0.83 0.43032
3 0.84 0.414617
3 0.85 0.397277
3 0.86 0.378369
3 0.87 0.357968
3 0.88 0.336155
3 0.89 0.313014
3 0.9 0.288639
3 0.91 0.263124
3 0.92 0.236571
3 0.93 0.209084
3 0.94 0.180772
3 0.95 0.151746
3 0.96 0.122122
3 0.97 0.0920157
3 0.98 0.0615463
3 0.99 0.030834
3 1 0
4 0 0
4 0.01 -0.0621736
4 0.02 -0.124102
4 0.03 -0.18554
4 0.04 -0.246246
4 0.05 -0.305981
4 0.06 -0.364508
4 0.07 -0.421596
4 0.08 -0.47702
4 0.09 -0.530562
4 0.1 -0.58201
4 0.11 -0.631161
4 0.12 -0.677821
4 0.13 -0.721806
4 0.14 -0.762943
4 0.15 -0.801068
4 0.16 -0.836032
4 0.17 -0.867697
4 0.18 -0.895937
4 0.19 -0.920641
4 0.2 -0.941712
4 0.21 -0.959067
4 0.22 -0.972636
4 0.23 -0.982367
4 0.24 -0.988221
4 0.25 -0.990175
4 0.26 -0.988221
4 0.27 -0.982367
4 0.28 -0.972636
4 0.29 -0.959067
4 0.3 -0.941712
4 0.31 -0.920641
4 0.32 -0.895937
4 0.33 -0.867697
4 0.34 -0.836032
4 0.35 -0.801068
4 0.36 -0.762943
4 0.37 -0.721806
4 0.38 -0.677821
4 0.39 -0.631161
4 0.4 -0.58201
4 0.41 -0.530562
4 0.42 -0.47702
4 0.43 -0.421596
4 0.44 -0.364508
4 0.45 -0.305981
4 0.46 -0.246246
4 0.47 -0.18554
4 0.48 -0.124102
4 0.49 -0.0621736
4 0.5 -3.03e-09
4 0.51 0.0621736
4 0.52 0.124102
4 0.53 0.18554
4 0.54 0.246246
4 0.55 0.305981
4 0.56 0.364508
4 0.57 0.421596
4 0.58 0.47702
4 0.59 0.530562
4 0.6 0.58201
4 0.61 0.631161
4 0.62 0.677821
4 0.63 0.721806
4 0.64 0.762943
4 0.65 0.801068
4 0.66 0.836032
4 0.67 0.867697
4 0.68 0.895937
4 0.69 0.920641
4 0.7 0.941712
4 0.71 0.959067
4 0.72 0.972636
4 0.73 0.982367
4 0.74 0.988221
4 0.75 0.990175
4 0.76 0.988221
4 0.77 0.982367
4 0.78 0.972636
4 0.79 0.959067
4 0.8 0.941712
4 0.81 0.920641
4 0.82 0.895937
4 0.83 0.867697
4 0.84 0.836032
4 0.85 0.801068
4 0.86 0.762943
4 0.87 0.721806
4 0.88 0.677821
4 0.89 0.631161
4 0.9 0.58201
4 0.91 0.530562
4 0.92 0.47702
4 0.93 0.421596
4 0.94 0.364508
4 0.95 0.305981
4 0.96 0.246246
4 0.97 0.18554
4 0.98 0.124102
4 0.99 0.0621736
4 1 0
